2 0.5140625 0.5171875 0.9703125 0.9421875
12 0.54375 0.159375 0.1515625 0.240625
12 0.3625 0.134375 0.11875 0.103125
12 0.74375 0.1890625 0.103125 0.134375
12 0.8390625 0.2859375 0.1296875 0.1140625
12 0.634375 0.109375 0.0953125 0.096875
12 0.49375 0.0984375 0.11875 0.0578125
6 0.1890625 0.4828125 0.2984375 0.5515625
12 0.26875 0.175 0.1265625 0.0421875
1 0.4109375 0.35 0.109375 0.30625
1 0.584375 0.396875 0.2296875 0.2328125
1 0.6578125 0.2171875 0.065625 0.1203125
1 0.7140625 0.3484375 0.025 0.1921875
1 0.340625 0.3234375 0.028125 0.2453125
6 0.5984375 0.7234375 0.515625 0.4203125
6 0.26875 0.85 0.1546875 0.196875
6 0.8546875 0.4390625 0.24375 0.209375
6 0.915625 0.65625 0.115625 0.2265625