3 0.415625 0.5015625 0.74375 0.996875
12 0.396875 0.840625 0.4375 0.2125
12 0.5046875 0.6375 0.0890625 0.1640625
12 0.403125 0.6984375 0.0234375 0.0578125
12 0.4390625 0.6765625 0.040625 0.10625
6 0.2234375 0.640625 0.3203125 0.1390625
6 0.13125 0.7609375 0.0859375 0.0953125
6 0.4 0.615625 0.0296875 0.0828125
6 0.4375 0.5921875 0.034375 0.0359375
6 0.2953125 0.5265625 0.3359375 0.0953125
6 0.3875 0.4484375 0.3453125 0.053125
6 0.503125 0.5109375 0.078125 0.071875
6 0.4390625 0.390625 0.29375 0.065625
6 0.4546875 0.321875 0.2734375 0.0609375
6 0.490625 0.2640625 0.2234375 0.0484375
6 0.5765625 0.20625 0.1828125 0.0546875
6 0.58125 0.1484375 0.14375 0.046875
1 0.09375 0.3609375 0.0703125 0.4
1 0.1703125 0.2390625 0.084375 0.4765625
1 0.2515625 0.2078125 0.0734375 0.415625
1 0.303125 0.178125 0.025 0.3546875
1 0.346875 0.1453125 0.059375 0.290625
1 0.4125 0.11875 0.071875 0.2265625
1 0.4640625 0.1109375 0.0296875 0.20625
1 0.49375 0.090625 0.01875 0.171875
1 0.53125 0.0640625 0.05 0.10625