1 0.4515625 0.528125 0.79375 0.85
6 0.5484375 0.5109375 0.496875 0.409375
1 0.19375 0.4609375 0.0703125 0.19375
6 0.2296875 0.3359375 0.1390625 0.059375
6 0.2640625 0.5296875 0.0734375 0.1609375
6 0.2546875 0.4125 0.0875 0.0625
6 0.553125 0.26875 0.3875 0.075
12 0.40625 0.7578125 0.19375 0.0859375
12 0.1265625 0.5765625 0.1171875 0.2
12 0.2046875 0.65 0.0421875 0.1609375
12 0.265625 0.7125 0.071875 0.18125
12 0.4921875 0.8796875 0.3046875 0.1359375
12 0.6921875 0.80625 0.1109375 0.034375
12 0.740625 0.7671875 0.1328125 0.0453125
12 0.7734375 0.728125 0.0875 0.028125
1 0.2828125 0.259375 0.159375 0.0859375
1 0.5109375 0.18125 0.459375 0.0921875
1 0.58125 0.75625 0.1609375 0.0921875