3 0.5375 0.51875 0.6875 0.621875
1 0.45625 0.3734375 0.259375 0.246875
6 0.44375 0.6671875 0.0328125 0.234375
1 0.4796875 0.5203125 0.1125 0.0515625
6 0.515625 0.7078125 0.103125 0.2125
1 0.471875 0.575 0.0328125 0.0484375
6 0.328125 0.628125 0.1984375 0.271875
6 0.5296875 0.56875 0.0828125 0.053125
6 0.5578125 0.51875 0.03125 0.046875
6 0.73125 0.490625 0.2890625 0.0671875
6 0.7421875 0.440625 0.2375 0.021875
6 0.79375 0.371875 0.096875 0.090625
6 0.6546875 0.6 0.165625 0.1640625
12 0.2796875 0.415625 0.0796875 0.1390625