3 0.5015625 0.484375 0.996875 0.6171875
12 0.078125 0.4671875 0.0578125 0.121875
6 0.2203125 0.5375 0.2109375 0.1125
12 0.165625 0.421875 0.1140625 0.03125
6 0.0515625 0.36875 0.0859375 0.0625
12 0.125 0.384375 0.0796875 0.0421875
12 0.23125 0.3921875 0.0875 0.078125
12 0.3453125 0.3890625 0.134375 0.0484375
12 0.1625 0.64375 0.1890625 0.1046875
12 0.5015625 0.5890625 0.046875 0.221875
6 0.6046875 0.715625 0.0984375 0.0796875
12 0.6359375 0.640625 0.15 0.1078125
12 0.828125 0.5171875 0.2109375 0.0453125
12 0.865625 0.584375 0.0640625 0.1921875
6 0.6296875 0.446875 0.4796875 0.078125
12 0.6921875 0.36875 0.2171875 0.096875
12 0.9453125 0.6359375 0.034375 0.0828125
12 0.453125 0.715625 0.171875 0.065625
12 0.415625 0.6453125 0.09375 0.0671875
12 0.634375 0.5453125 0.1375 0.078125
6 0.7875 0.2453125 0.2265625 0.140625
6 0.8359375 0.3609375 0.071875 0.0828125
1 0.4609375 0.2953125 0.4734375 0.18125