3 0.515625 0.5125 0.4453125 0.55625
1 0.4390625 0.515625 0.2234375 0.328125
12 0.578125 0.45 0.0421875 0.228125
6 0.6015625 0.29375 0.0984375 0.053125
6 0.6046875 0.6515625 0.1171875 0.0578125
6 0.6234375 0.603125 0.096875 0.0671875
6 0.5546875 0.7046875 0.109375 0.0671875
6 0.7015625 0.5140625 0.034375 0.1359375
12 0.64375 0.5125 0.053125 0.0734375
6 0.6359375 0.4359375 0.053125 0.0734375
12 0.6796875 0.415625 0.03125 0.05625
12 0.6453125 0.3734375 0.0125 0.053125
12 0.521875 0.3171875 0.05625 0.05625