3 0.3328125 0.4953125 0.6640625 0.9875
12 0.046875 0.4046875 0.09375 0.809375
12 0.1984375 0.846875 0.2390625 0.1390625
12 0.346875 0.1546875 0.3296875 0.1609375
12 0.415625 0.2625 0.221875 0.0640625
12 0.446875 0.315625 0.146875 0.0359375
6 0.453125 0.60625 0.13125 0.41875
12 0.4421875 0.3609375 0.096875 0.0578125
1 0.234375 0.4625 0.2796875 0.4046875
12 0.2046875 0.346875 0.0640625 0.1203125
6 0.5734375 0.4828125 0.103125 0.45
6 0.328125 0.7828125 0.178125 0.23125
6 0.359375 0.6171875 0.0625 0.090625