4 0.49375 0.4875 0.9875 0.9171875
12 0.31875 0.1640625 0.1578125 0.2796875
12 0.4375 0.140625 0.0765625 0.1671875
12 0.5859375 0.2140625 0.1734375 0.1484375
1 0.146875 0.546875 0.1390625 0.38125
1 0.2625 0.6125 0.0875 0.3828125
1 0.3421875 0.678125 0.0796875 0.3703125
1 0.4109375 0.74375 0.059375 0.34375
1 0.4796875 0.7765625 0.0875 0.275
1 0.5546875 0.8453125 0.059375 0.1921875
1 0.6796875 0.8625 0.184375 0.1484375
1 0.8375 0.8328125 0.1375 0.1328125
1 0.9234375 0.678125 0.08125 0.1703125
6 0.803125 0.55625 0.04375 0.403125
1 0.859375 0.7375 0.05625 0.046875
6 0.1609375 0.2734375 0.128125 0.14375
6 0.2734375 0.3578125 0.08125 0.1109375
6 0.35 0.396875 0.0671875 0.1890625
6 0.425 0.4 0.0484375 0.3328125
6 0.4859375 0.428125 0.0609375 0.4078125
6 0.559375 0.5125 0.071875 0.4546875
6 0.684375 0.5421875 0.1734375 0.496875
6 0.853125 0.565625 0.05625 0.2921875