4 0.509375 0.5078125 0.971875 0.9234375
6 0.3546875 0.240625 0.1890625 0.1796875
6 0.5890625 0.284375 0.2046875 0.2140625
6 0.35625 0.6578125 0.24375 0.1984375
6 0.2265625 0.446875 0.1078125 0.203125
12 0.3828125 0.4484375 0.196875 0.2125
12 0.8203125 0.4765625 0.209375 0.49375
12 0.665625 0.64375 0.1046875 0.459375
12 0.54375 0.775 0.1359375 0.284375
12 0.409375 0.8359375 0.1296875 0.1515625
1 0.159375 0.609375 0.0921875 0.215625
1 0.225 0.3015625 0.084375 0.0703125
1 0.4515625 0.165625 0.09375 0.0984375
1 0.58125 0.15625 0.175 0.059375
1 0.290625 0.79375 0.0875 0.0796875