4 0.5 0.5046875 1 0.875
6 0.490625 0.14375 0.140625 0.1171875
1 0.178125 0.5609375 0.3296875 0.7296875
6 0.4171875 0.28125 0.0984375 0.14375
6 0.5640625 0.2890625 0.109375 0.1734375
6 0.8296875 0.3140625 0.2296875 0.2015625
6 0.6859375 0.4109375 0.1640625 0.1734375
6 0.725 0.6171875 0.2359375 0.184375
12 0.359375 0.146875 0.1078125 0.09375
12 0.478125 0.228125 0.040625 0.05
12 0.6546875 0.253125 0.1 0.1171875
12 0.6828125 0.1796875 0.0796875 0.1015625
12 0.7046875 0.3859375 0.0296875 0.0671875
12 0.721875 0.3296875 0.0453125 0.0265625
12 0.8625 0.471875 0.184375 0.1140625
12 0.903125 0.565625 0.1 0.078125
12 0.8890625 0.68125 0.0875 0.0734375
12 0.728125 0.8046875 0.1296875 0.0859375
1 0.409375 0.6453125 0.134375 0.58125
1 0.5375 0.7078125 0.125 0.453125
1 0.6296875 0.7859375 0.0578125 0.153125