11 0.5078125 0.5125 0.9203125 0.95
12 0.74375 0.2984375 0.296875 0.34375
12 0.171875 0.59375 0.1484375 0.2359375
12 0.39375 0.5859375 0.290625 0.1125
12 0.446875 0.4859375 0.2109375 0.0734375
12 0.5390625 0.421875 0.1265625 0.0390625
12 0.5765625 0.3859375 0.0359375 0.0234375
6 0.8515625 0.6578125 0.090625 0.1828125
12 0.8625 0.515625 0.08125 0.103125
12 0.528125 0.9171875 0.259375 0.096875
12 0.184375 0.759375 0.06875 0.0546875
12 0.2390625 0.8265625 0.059375 0.046875
12 0.325 0.890625 0.0640625 0.0671875
6 0.20625 0.3875 0.24375 0.2015625
12 0.1859375 0.2359375 0.09375 0.075
12 0.2484375 0.159375 0.1578125 0.065625
6 0.45 0.2578125 0.2421875 0.36875
6 0.2796875 0.5046875 0.059375 0.0453125
6 0.28125 0.2359375 0.0890625 0.0921875
6 0.684375 0.6328125 0.2234375 0.2953125
6 0.54375 0.7265625 0.0625 0.115625
6 0.584375 0.821875 0.2515625 0.06875
12 0.7859375 0.809375 0.1375 0.05