11 0.5234375 0.5 0.928125 1
1 0.2125 0.5640625 0.321875 0.4671875
1 0.4046875 0.728125 0.065625 0.3578125
1 0.346875 0.8625 0.053125 0.13125
1 0.4640625 0.75625 0.0484375 0.253125
1 0.521875 0.7671875 0.06875 0.1328125
1 0.6203125 0.85 0.125 0.0765625
1 0.65 0.740625 0.0703125 0.0515625
12 0.8328125 0.1296875 0.309375 0.259375
6 0.4484375 0.1640625 0.4265625 0.3265625
6 0.5484375 0.4390625 0.35 0.228125
6 0.7203125 0.275 0.115625 0.1046875
6 0.584375 0.5890625 0.284375 0.08125
6 0.5953125 0.6578125 0.20625 0.0546875