11 0.5015625 0.5015625 0.996875 0.95
1 0.50625 0.14375 0.5796875 0.1984375
1 0.4890625 0.31875 0.14375 0.16875
1 0.41875 0.428125 0.1359375 0.1109375
12 0.315625 0.4625 0.0671875 0.3140625
1 0.3171875 0.275 0.0640625 0.0640625
12 0.1890625 0.490625 0.1765625 0.5515625
12 0.0703125 0.50625 0.0609375 0.3359375
12 0.3890625 0.3078125 0.0578125 0.121875
12 0.3078125 0.721875 0.0703125 0.078125
12 0.353125 0.659375 0.065625 0.0734375
6 0.709375 0.590625 0.4375 0.384375
12 0.76875 0.4546875 0.059375 0.0890625
6 0.728125 0.3234375 0.3359375 0.16875
6 0.425 0.678125 0.134375 0.396875
6 0.3234375 0.80625 0.0609375 0.075
6 0.609375 0.8328125 0.2265625 0.096875