11 0.515625 0.503125 0.8578125 0.9921875
6 0.678125 0.2546875 0.2421875 0.453125
6 0.46875 0.3796875 0.1734375 0.6203125
6 0.6359375 0.534375 0.159375 0.1015625
6 0.58125 0.621875 0.053125 0.0828125
6 0.4484375 0.7546875 0.1328125 0.1265625
12 0.390625 0.9625 0.028125 0.075
6 0.3890625 0.89375 0.0234375 0.0703125
6 0.4125 0.8390625 0.065625 0.0484375
6 0.2390625 0.625 0.265625 0.75
6 0.321875 0.1796875 0.1078125 0.15
12 0.6546875 0.93125 0.496875 0.1375
12 0.496875 0.8296875 0.0609375 0.046875
1 0.715625 0.7625 0.3765625 0.153125
12 0.6609375 0.8296875 0.0578125 0.059375
12 0.8578125 0.8421875 0.0953125 0.040625
1 0.7734375 0.6375 0.328125 0.1078125
1 0.821875 0.5328125 0.2125 0.1046875
1 0.840625 0.3015625 0.0859375 0.1171875
1 0.8578125 0.4171875 0.1109375 0.1265625