11 0.4421875 0.4828125 0.846875 0.965625
12 0.4828125 0.090625 0.475 0.165625
12 0.3578125 0.228125 0.3578125 0.10625
6 0.5609375 0.24375 0.040625 0.06875
12 0.5796875 0.1875 0.0703125 0.0390625
12 0.165625 0.4125 0.290625 0.0515625
12 0.2140625 0.3640625 0.3390625 0.04375
12 0.24375 0.3078125 0.3890625 0.0625
12 0.171875 0.4609375 0.2078125 0.0546875
6 0.2921875 0.728125 0.3328125 0.3671875
12 0.1578125 0.521875 0.1203125 0.06875
6 0.35 0.5140625 0.2640625 0.0609375
6 0.4109375 0.4578125 0.2734375 0.059375
6 0.4375 0.4078125 0.259375 0.0515625
6 0.4765625 0.3578125 0.1859375 0.0390625
6 0.5078125 0.3109375 0.1296875 0.0515625
6 0.7109375 0.334375 0.253125 0.246875
6 0.721875 0.196875 0.2234375 0.0515625
6 0.771875 0.1484375 0.1078125 0.0546875