11 0.471875 0.5 0.9421875 1
12 0.4625 0.153125 0.83125 0.271875
12 0.0953125 0.3546875 0.1 0.15
6 0.4125 0.3765625 0.5328125 0.0890625
12 0.16875 0.309375 0.0515625 0.0421875
6 0.7796875 0.3984375 0.1984375 0.05625
12 0.7875 0.33125 0.2171875 0.0734375
12 0.11875 0.859375 0.15625 0.2171875
12 0.2390625 0.90625 0.0875 0.153125
12 0.475 0.940625 0.384375 0.1171875
6 0.440625 0.5859375 0.8671875 0.315625
6 0.4359375 0.3109375 0.4828125 0.05
6 0.5140625 0.7890625 0.625 0.096875
6 0.521875 0.853125 0.4703125 0.040625