7 0.5703125 0.528125 0.859375 0.8140625
12 0.2640625 0.3765625 0.1296875 0.11875
12 0.44375 0.7484375 0.14375 0.253125
6 0.41875 0.409375 0.140625 0.2390625
6 0.6078125 0.7625 0.1015625 0.2890625
6 0.671875 0.409375 0.11875 0.221875
6 0.8796875 0.3578125 0.1703125 0.1671875
6 0.9140625 0.6640625 0.0890625 0.221875
6 0.1828125 0.4953125 0.0828125 0.1171875
1 0.284375 0.6609375 0.1640625 0.4296875
1 0.5453125 0.390625 0.1296875 0.4109375
1 0.7578125 0.73125 0.2140625 0.40625
1 0.703125 0.2078125 0.1984375 0.1734375