0 0.5015625 0.53125 0.678125 0.6421875
6 0.4109375 0.31875 0.153125 0.1078125
6 0.3953125 0.4609375 0.1375 0.171875
6 0.4890625 0.575 0.15625 0.184375
6 0.709375 0.40625 0.1546875 0.165625
6 0.3765625 0.6921875 0.1421875 0.1375
6 0.6921875 0.659375 0.1734375 0.1359375
6 0.6078125 0.5265625 0.14375 0.15625
12 0.2859375 0.428125 0.103125 0.146875
12 0.35 0.559375 0.0609375 0.1140625
12 0.553125 0.334375 0.1390625 0.1234375
1 0.246875 0.69375 0.1359375 0.1796875
1 0.53125 0.7484375 0.1578125 0.153125
1 0.5984375 0.26875 0.2078125 0.10625